144.5399932861328
139.0
116.98999786376953
105.20999908447266
97.75
112.5
115.91000366210938
112.30000305175781
111.5
113.56600189208984
112.66999816894531
117.19999694824219
115.24299621582031
115.0
117.9800033569336
111.5
114.22000122070312
118.76000213623047
123.01499938964844
123.49800109863281
121.98999786376953
122.0
122.87999725341797
123.88899993896484
126.69999694824219
133.1999969482422
131.97999572753906
133.47999572753906
129.7449951171875
129.0
132.3000030517578
128.7989959716797
129.0
129.3000030517578
122.29199981689453
122.22200012207031
121.41999816894531
121.6500015258789
118.0
111.5
108.30000305175781
100.0
106.3499984741211
108.9000015258789
108.1500015258789
104.0
99.97889709472656
99.98809814453125
99.51000213623047
101.69999694824219
107.4000015258789
108.25
110.1500015258789
109.5
108.30000305175781
107.5999984741211
102.73699951171875
103.94999694824219
104.0
101.43699645996094
94.64920043945312
94.99400329589844
96.61399841308594
88.05000305175781
90.13400268554688
77.52999877929688
80.52580261230469
68.43099975585938
70.27729797363281
74.56109619140625
76.51599884033203
76.69400024414062
86.76000213623047
88.9800033569336
93.59490203857422
98.13390350341797
94.69129943847656
98.40019989013672
97.45079803466797
98.5
90.58000183105469
92.16999816894531
89.39009857177734
90.7573013305664
91.61000061035156
95.55850219726562
94.51000213623047
96.9000015258789
96.02020263671875
94.11599731445312
99.75599670410156
101.19999694824219
107.98999786376953
106.08999633789062
104.0
104.5009994506836
104.00499725341797
105.14399719238281
106.22000122070312
106.75
106.75
103.0
102.80000305175781
103.0
105.0
106.63600158691406
109.0
112.56199645996094
109.98999786376953
108.99400329589844
113.5
113.5
119.0
121.20500183105469
123.30000305175781
121.1500015258789
118.5009994506836
120.04499816894531
122.11100006103516
120.05599975585938
126.5
122.62000274658203
122.38999938964844
133.49000549316406
135.35000610351562
138.33999633789062
135.85000610351562
136.77000427246094
126.73999786376953
126.43000030517578
119.1500015258789
124.1500015258789
121.66000366210938
127.11000061035156
125.91000366210938
135.25
133.1300048828125
134.97999572753906
129.22000122070312
130.3699951171875
131.72000122070312
131.66000366210938
131.47000122070312
129.64999389648438
127.04000091552734
127.43000030517578
129.1199951171875
125.94999694824219
127.25
128.22000122070312
128.3800048828125
133.77999877929688
134.77999877929688
137.33999633789062
133.0
132.17999267578125
114.12999725341797
123.62999725341797
129.00999450683594
128.5500030517578
129.0
126.94000244140625
126.0
130.69000244140625
130.58999633789062
130.89999389648438
135.19000244140625
138.1300048828125
140.52000427246094
145.24000549316406
142.5500030517578
146.25
155.9600067138672
172.4199981689453
174.61000061035156
182.2100067138672
193.75999450683594
213.6199951171875
198.22999572753906
186.69000244140625
177.32000732421875
196.44000244140625
198.5500030517578
204.38999938964844
199.97000122070312
204.0
206.17999267578125
206.22000122070312
215.0500030517578
229.10000610351562
245.24000549316406
262.5
296.4100036621094
338.1099853515625
339.1099853515625
326.6199951171875
342.44000244140625
360.3299865722656
407.3699951171875
420.20001220703125
417.95001220703125
440.2200012207031
492.1099853515625
703.5599975585938
584.6099853515625
590.8300170898438
722.4299926757812
771.4400024414062
797.8200073242188
774.25
799.1099853515625
928.0999755859375
1001.9600219726562
1031.949951171875
1131.969970703125
1129.4300537109375
955.8499755859375
1043.3299560546875
1078.280029296875
1151.1700439453125
1045.1099853515625
829.4500122070312
698.22998046875
795.8699951171875
893.1900024414062
988.510009765625
878.47998046875
873.260009765625
892.5800170898438
872.5999755859375
876.1199951171875
705.969970703125
682.1199951171875
522.7000122070312
691.9600219726562
625.3200073242188
605.6599731445312
617.1799926757812
673.4099731445312
665.5800170898438
682.2100219726562
761.97998046875
735.0700073242188
727.8300170898438
745.0499877929688
756.1300048828125
754.010009765625
771.4000244140625
802.3900146484375
818.719970703125
859.510009765625
933.530029296875
953.2899780273438
802.0
842.719970703125
846.8599853515625
868.47998046875
913.9500122070312
863.219970703125
841.2000122070312
833.27001953125
860.9000244140625
835.6300048828125
814.6400146484375
840.0
870.9600219726562
870.2000122070312
863.9099731445312
845.5900268554688
822.0399780273438
797.0700073242188
853.6099853515625
885.280029296875
771.3900146484375
812.510009765625
826.0
819.030029296875
829.9199829101562
832.5800170898438
825.3699951171875
823.8300170898438
827.9600219726562
811.9099731445312
781.5499877929688
712.4000244140625
673.9199829101562
682.9000244140625
681.030029296875
672.1699829101562
651.719970703125
605.239990234375
661.989990234375
650.9199829101562
616.6300048828125
626.27001953125
626.5999755859375
623.030029296875
556.1400146484375
574.1599731445312
605.4199829101562
605.8200073242188
546.3200073242188
538.7100219726562
582.6900024414062
578.77001953125
549.260009765625
565.6099853515625
559.7899780273438
667.760009765625
666.780029296875
665.510009765625
663.8599853515625
629.1500244140625
617.4500122070312
636.9600219726562
627.7899780273438
634.1099853515625
632.0999755859375
638.1400146484375
628.7999877929688
636.1199951171875
631.1099853515625
622.3729858398438
614.8319702148438
609.8880004882812
588.77001953125
571.489990234375
565.0399780273438
561.27197265625
583.4119873046875
583.9169921875
580.8270263671875
471.239013671875
495.6659851074219
491.1719970703125
460.27301025390625
457.0010070800781
478.375
437.1400146484375
444.7179870605469
447.5260009765625
461.9070129394531
460.4989929199219
449.4230041503906
453.08599853515625
442.7250061035156
365.1759948730469
420.9469909667969
421.1159973144531
414.06298828125
458.7869873046875
515.5859985351562
527.39501953125
495.9630126953125
479.6449890136719
501.56500244140625
498.1679992675781
495.77301025390625
487.92401123046875
491.3030090332031
500.4649963378906
461.4490051269531
458.60101318359375
436.3900146484375
440.2850036621094
447.2090148925781
447.6449890136719
457.760009765625
449.37701416015625
437.7619934082031
436.40301513671875
433.48199462890625
428.9620056152344
438.8210144042969
440.16900634765625
449.46099853515625
454.4330139160156
438.885986328125
441.4620056152344
440.6709899902344
443.97198486328125
447.25201416015625
448.0580139160156
448.90301513671875
446.2640075683594
446.1809997558594
485.7239990234375
491.7699890136719
524.5789794921875
520.2219848632812
525.1380004882812
571.5880126953125
583.4240112304688
571.2440185546875
577.06201171875
568.1799926757812
615.3250122070312
623.677001953125
630.22900390625
660.6179809570312
667.60498046875
641.614013671875
659.2579956054688
653.7020263671875
654.968994140625
656.1400146484375
649.1589965820312
653.1500244140625
633.02001953125
586.9520263671875
600.1630249023438
577.3579711914062
592.93701171875
592.18798828125
610.864013671875
607.9580078125
598.0709838867188
594.14599609375
594.9920043945312
602.2730102539062
593.9840087890625
582.3569946289062
566.3359985351562
581.1370239257812
597.260986328125
596.5490112304688
602.7150268554688
639.7969970703125
640.8060302734375
650.8790283203125
645.156005859375
630.6920166015625
631.4569702148438
635.8070068359375
624.0859985351562
624.8179931640625
624.5089721679688
616.7620239257812
632.0029907226562
633.7130126953125
626.4970092773438
619.3150024414062
621.5859985351562
616.7999877929688
623.0889892578125
628.7789916992188
628.5150146484375
623.9000244140625
622.2109985351562
621.551025390625
619.4149780273438
601.7329711914062
601.0889892578125
595.81298828125
593.8519897460938
585.6909790039062
584.7249755859375
567.2930297851562
586.2349853515625
594.916015625
589.3330078125
586.666015625
588.781982421875
585.4359741210938
584.6530151367188
588.8690185546875
592.5770263671875
589.3720092773438
591.0609741210938
576.3679809570312
569.6420288085938
546.6580200195312
505.9739990234375
497.010009765625
519.7080078125
491.7950134277344
461.4599914550781
485.2449951171875
511.9800109863281
517.2369995117188
514.0430297851562
498.07501220703125
508.2860107421875
502.4960021972656
511.57000732421875
511.15301513671875
507.81500244140625
508.5169982910156
504.2489929199219
477.76300048828125
474.8789978027344
477.4259948730469
477.58599853515625
489.6600036621094
483.3420104980469
484.8299865722656
482.27801513671875
474.6000061035156
475.260009765625
479.3590087890625
479.7489929199219
477.75299072265625
479.00201416015625
477.8919982910156
475.3710021972656
466.0570068359375
457.3340148925781
424.44000244140625
394.7959899902344
408.90399169921875
398.8210144042969
402.1520080566406
435.7909851074219
423.2049865722656
411.5740051269531
404.42498779296875
399.5199890136719
377.1809997558594
375.4670104980469
386.9440002441406
383.614990234375
375.0719909667969
359.5119934082031
328.8659973144531
320.510009765625
330.0790100097656
336.18701171875
352.94000244140625
365.0260009765625
361.56201171875
362.29901123046875
378.54901123046875
390.41400146484375
400.8699951171875
394.77301025390625
382.5559997558594
383.75799560546875
391.4419860839844
389.5459899902344
382.8450012207031
386.4750061035156
383.1579895019531
358.4169921875
358.3450012207031
347.27099609375
354.7040100097656
352.989013671875
357.6180114746094
335.59100341796875
345.30499267578125
338.3210144042969
325.7489929199219
325.8919982910156
327.5539855957031
330.49200439453125
339.4859924316406
349.2900085449219
342.4150085449219
345.4880065917969
363.2640075683594
366.92401123046875
367.69500732421875
423.5610046386719
420.7349853515625
397.8179931640625
376.13299560546875
387.8819885253906
387.4079895019531
375.197998046875
380.55499267578125
357.8399963378906
350.8479919433594
352.9200134277344
367.572998046875
376.9010009765625
375.3479919433594
368.3699951171875
369.6700134277344
376.4469909667969
375.4909973144531
378.0469970703125
379.2449951171875
381.31500244140625
375.010009765625
369.60400390625
376.85400390625
374.7850036621094
375.0950012207031
361.90899658203125
352.218994140625
346.364990234375
350.5060119628906
352.5419921875
347.3760070800781
351.6319885253906
345.3450012207031
327.06201171875
319.7760009765625
311.39599609375
317.8429870605469
329.95599365234375
320.8429870605469
331.885986328125
334.5719909667969
322.53399658203125
319.00799560546875
327.92401123046875
315.8630065917969
317.239013671875
312.6700134277344
310.73699951171875
320.1929931640625
314.2489929199219
315.0320129394531
281.0820007324219
264.19500732421875
274.4739990234375
286.1889953613281
294.3370056152344
283.3489990234375
290.4079895019531
274.7959899902344
265.6600036621094
267.7959899902344
225.86099243164062
178.10299682617188
209.843994140625
208.0970001220703
199.25999450683594
210.33900451660156
214.86099243164062
211.31500244140625
226.89700317382812
233.406005859375
232.87899780273438
247.8470001220703
253.71800231933594
273.4729919433594
263.4750061035156
233.9149932861328
233.51300048828125
226.4250030517578
217.46400451660156
226.9720001220703
238.22900390625
227.26800537109375
226.85299682617188
217.11099243164062
222.26600646972656
227.75399780273438
223.41200256347656
220.11000061035156
219.83900451660156
219.18499755859375
221.76400756835938
235.427001953125
257.3210144042969
234.8249969482422
233.84300231933594
243.61000061035156
236.3260040283203
240.2830047607422
243.7790069580078
244.53399658203125
235.9770050048828
238.89199829101562
238.73500061035156
237.47000122070312
236.42599487304688
253.8280029296875
254.26300048828125
260.2019958496094
275.6700134277344
281.7019958496094
273.0920104980469
276.1780090332031
272.7229919433594
276.260986328125
274.35400390625
289.60699462890625
291.760009765625
296.3789978027344
294.35400390625
285.3370056152344
281.885009765625
286.39300537109375
290.5929870605469
285.5050048828125
256.29901123046875
260.9280090332031
261.7489929199219
260.0249938964844
267.9599914550781
266.739990234375
245.59500122070312
246.19700622558594
248.53199768066406
247.0290069580078
252.79800415039062
242.71299743652344
247.5260009765625
244.2239990234375
247.27200317382812
253.0050048828125
254.32200622558594
253.69700622558594
260.5979919433594
255.49200439453125
253.17999267578125
245.02200317382812
243.67599487304688
236.07200622558594
236.552001953125
236.1529998779297
224.58700561523438
219.15899658203125
223.83299255371094
228.572998046875
222.8820037841797
223.3560028076172
222.60000610351562
224.62600708007812
235.2689971923828
234.17599487304688
236.46200561523438
231.26800537109375
226.38999938964844
219.42999267578125
229.28599548339844
225.85499572753906
225.80799865722656
236.14500427246094
232.07899475097656
234.92999267578125
240.35800170898438
239.01800537109375
236.12100219726562
229.78199768066406
237.33399963378906
243.86300659179688
241.83200073242188
240.29600524902344
242.1580047607422
241.11199951171875
236.3769989013672
236.9290008544922
237.60499572753906
236.1529998779297
236.802001953125
233.1280059814453
231.94700622558594
234.01800537109375
235.343994140625
240.34800720214844
238.8719940185547
240.9530029296875
237.11000061035156
237.11599731445312
237.2830047607422
237.4080047607422
237.0959930419922
233.34500122070312
230.19000244140625
222.92599487304688
225.80299377441406
225.87399291992188
224.32400512695312
224.95199584960938
225.61900329589844
222.88099670410156
228.48899841308594
229.04800415039062
228.80299377441406
229.7050018310547
229.98199462890625
232.40199279785156
233.54299926757812
236.822998046875
250.89500427246094
249.28399658203125
249.0070037841797
244.6060028076172
245.21200561523438
243.94400024414062
246.99000549316406
244.29600524902344
240.51499938964844
242.7989959716797
243.593994140625
250.99000549316406
249.01100158691406
257.0639953613281
263.0719909667969
258.6210021972656
255.41200256347656
256.33599853515625
260.885986328125
271.9129943847656
269.0299987792969
266.2070007324219
270.7850036621094
269.2279968261719
284.8940124511719
293.114990234375
310.86700439453125
292.0539855957031
287.4639892578125
285.8290100097656
278.0889892578125
279.47198486328125
274.9010009765625
273.614013671875
278.9809875488281
275.8330078125
277.22198486328125
276.04901123046875
288.27801513671875
288.6969909667969
292.6860046386719
293.6239929199219
294.427001953125
289.5899963378906
287.72198486328125
284.6499938964844
281.60101318359375
282.614013671875
281.22698974609375
285.2179870605469
281.8819885253906
278.5769958496094
279.5849914550781
260.99700927734375
265.0830078125
264.4700012207031
270.385986328125
266.3760070800781
264.0799865722656
265.67999267578125
261.5509948730469
258.5069885253906
257.97601318359375
211.07899475097656
226.6840057373047
235.35000610351562
232.56900024414062
230.38999938964844
228.16900634765625
210.4949951171875
221.60899353027344
225.83099365234375
224.7689971923828
231.39599609375
229.77999877929688
228.76100158691406
230.05599975585938
228.12100219726562
229.28399658203125
227.18299865722656
230.29800415039062
235.0189971923828
239.83999633789062
239.8470001220703
243.60699462890625
238.16799926757812
238.4770050048828
240.10699462890625
235.22900390625
230.51199340820312
230.6439971923828
230.3040008544922
229.09100341796875
229.80999755859375
232.97500610351562
231.4929962158203
231.21200561523438
227.0850067138672
230.6179962158203
230.2830047607422
234.5290069580078
235.1439971923828
234.33999633789062
232.7570037841797
239.14199829101562
236.68699645996094
236.05999755859375
237.5489959716797
237.29299926757812
238.72999572753906
238.25900268554688
240.38299560546875
246.06300354003906
242.968994140625
242.3040008544922
243.93099975585938
244.9409942626953
247.0500030517578
245.30799865722656
249.50799560546875
251.98899841308594
254.32000732421875
262.8689880371094
270.6400146484375
261.64300537109375
263.43701171875
269.4630126953125
266.2720031738281
274.02301025390625
276.4960021972656
281.65399169921875
283.67999267578125
285.29998779296875
293.7879943847656
304.6180114746094
313.8550109863281
328.0150146484375
314.1659851074219
325.4309997558594
361.1889953613281
403.4169921875
411.56298828125
386.35400390625
374.4700012207031
386.48199462890625
373.3680114746094
380.2569885253906
336.8190002441406
311.0840148925781
338.1520080566406
336.75299072265625
332.906005859375
320.1659851074219
330.7510070800781
335.093994140625
334.5899963378906
326.14898681640625
322.0220031738281
326.927001953125
324.5360107421875
323.0459899902344
320.0459899902344
328.20599365234375
352.6839904785156
358.0419921875
357.3810119628906
371.29400634765625
377.3210144042969
362.4880065917969
359.18701171875
361.0459899902344
363.1830139160156
388.9490051269531
388.7829895019531
395.5360107421875
415.56298828125
417.56298828125
415.47900390625
451.93798828125
434.99700927734375
433.7550048828125
444.1820068359375
465.3210144042969
454.9339904785156
456.0780029296875
463.6159973144531
462.3219909667969
442.68499755859375
438.6390075683594
436.5719909667969
442.4010009765625
454.9849853515625
455.65301513671875
417.27398681640625
422.822998046875
422.27899169921875
432.9830017089844
426.6199951171875
430.5669860839844
434.3340148925781
433.43798828125
430.010986328125
433.09100341796875
431.9599914550781
429.1050109863281
458.0480041503906
453.2300109863281
447.6109924316406
447.9909973144531
448.4280090332031
435.69000244140625
432.3710021972656
430.3059997558594
364.33099365234375
387.5360107421875
382.29901123046875
387.1679992675781
380.14898681640625
420.2300109863281
410.2619934082031
382.49200439453125
387.4909973144531
402.97100830078125
391.72601318359375
392.15301513671875
394.97198486328125
380.28900146484375
379.4739990234375
378.2550048828125
368.7669982910156
373.0559997558594
374.447998046875
369.9490051269531
389.593994140625
386.54901123046875
376.5220031738281
376.6199951171875
373.4469909667969
376.02899169921875
381.64898681640625
379.65399169921875
384.26300048828125
391.8599853515625
407.2300109863281
400.18499755859375
407.4880065917969
416.3219909667969
422.37298583984375
420.7850036621094
437.16400146484375
438.7980041503906
437.74798583984375
420.7359924316406
424.9549865722656
424.54400634765625
432.1520080566406
432.5190124511719
433.5039978027344
437.6969909667969
435.12298583984375
423.989013671875
421.6510009765625
410.9389953613281
400.57000732421875
407.7070007324219
414.3210144042969
413.97198486328125
414.8599853515625
417.1310119628906
421.69000244140625
411.6239929199219
414.06500244140625
416.43798828125
416.8299865722656
417.010986328125
420.6210021972656
409.5480041503906
410.4440002441406
413.7550048828125
413.3070068359375
418.0889892578125
418.0409851074219
416.3940124511719
417.177001953125
417.94500732421875
426.7650146484375
424.2309875488281
416.5159912109375
414.8160095214844
416.72900390625
417.9599914550781
420.87298583984375
420.90399169921875
421.4440002441406
424.0299987792969
423.4129943847656
422.7449951171875
420.3489990234375
419.4110107421875
421.5639953613281
422.4830017089844
425.19000244140625
423.7340087890625
424.2820129394531
429.7130126953125
430.5719909667969
427.39898681640625
428.59100341796875
435.5090026855469
441.3890075683594
449.42498779296875
445.73699951171875
450.2820129394531
458.55499267578125
461.4259948730469
466.0889892578125
444.68701171875
449.010986328125
455.09698486328125
448.3179931640625
451.875
444.66900634765625
450.3039855957031
446.72198486328125
447.97601318359375
459.6029968261719
458.5360107421875
458.5480041503906
460.4830017089844
450.8949890136719
452.7279968261719
454.7659912109375
455.6700134277344
455.6709899902344
457.5679931640625
454.1629943847656
453.7829895019531
454.6189880371094
438.7149963378906
442.6759948730469
443.18798828125
439.322998046875
444.1549987792969
445.9809875488281
449.5989990234375
453.3840026855469
473.4639892578125
530.0399780273438
526.2329711914062
533.864013671875
531.385986328125
536.9199829101562
537.9719848632812
569.1939697265625
572.7269897460938
574.9769897460938
585.5369873046875
576.5969848632812
581.64501953125
574.6300048828125
577.469970703125
606.7269897460938
672.7839965820312
704.3759765625
685.5590209960938
694.468994140625
766.3079833984375
748.9089965820312
756.2269897460938
763.781005859375
737.2260131835938
666.6519775390625
596.1160278320312
623.9769897460938
665.2990112304688
665.1229858398438
629.3670043945312
655.2750244140625
647.0009765625
639.8900146484375
673.3369750976562
676.2960205078125
703.7020263671875
658.6640014648438
683.6619873046875
670.6270141601562
677.3309936523438
640.56201171875
666.5230102539062
650.9600219726562
649.3599853515625
647.6589965820312
664.551025390625
654.468017578125
658.0780029296875
663.2550048828125
660.7670288085938
679.458984375
673.1060180664062
672.864013671875
665.6849975585938
665.0120239257812
650.6190185546875
655.5560302734375
661.2849731445312
654.0969848632812
651.7839965820312
654.3519897460938
655.0349731445312
656.9920043945312
655.0469970703125
624.6810302734375
606.27197265625
547.4650268554688
566.35498046875
578.2890014648438
575.0430297851562
587.7780151367188
592.6900024414062
591.0540161132812
587.801025390625
592.10302734375
589.1199951171875
587.5590209960938
585.5880126953125
570.4730224609375
567.239990234375
577.4390258789062
573.2160034179688
574.3179931640625
575.6300048828125
581.697021484375
581.3079833984375
586.7529907226562
583.4149780273438
580.1820068359375
577.760986328125
579.6510009765625
569.947021484375
573.9119873046875
574.1069946289062
577.5029907226562
575.4719848632812
572.302978515625
575.5369873046875
598.2119750976562
608.6339721679688
606.5900268554688
610.4359741210938
614.5440063476562
626.3159790039062
622.8610229492188
623.5089721679688
606.718994140625
608.2429809570312
609.2410278320312
610.6840209960938
607.155029296875
606.9730224609375
605.9840087890625
609.8740234375
609.2269897460938
608.31201171875
597.1489868164062
596.2979736328125
602.8419799804688
602.625
600.8259887695312
608.0430297851562
606.166015625
604.72802734375
605.6929931640625
609.7349853515625
613.9829711914062
610.8920288085938
612.1329956054688
610.2039794921875
612.510986328125
613.02099609375
617.1209716796875
619.1079711914062
616.7520141601562
618.9940185546875
641.072021484375
636.1920166015625
636.7860107421875
640.3779907226562
638.64599609375
641.6309814453125
639.1929931640625
637.9600219726562
630.52001953125
630.8569946289062
632.8280029296875
657.2940063476562
657.0709838867188
653.760986328125
657.5880126953125
678.3040161132812
688.31298828125
689.6510009765625
714.47900390625
701.864013671875
700.9719848632812
729.7930297851562
740.8289794921875
688.7000122070312
703.2349853515625
703.4180297851562
711.52197265625
703.1309814453125
709.8480224609375
723.2730102539062
715.5339965820312
716.4110107421875
705.0540161132812
702.031005859375
705.02099609375
711.6190185546875
744.197998046875
740.9769897460938
751.5850219726562
751.6160278320312
731.0260009765625
739.2479858398438
751.3469848632812
744.593994140625
740.2890014648438
741.6489868164062
735.3820190429688
732.0349731445312
735.81298828125
735.60400390625
745.6909790039062
756.7739868164062
777.9439697265625
771.155029296875
773.8720092773438
758.7000122070312
764.2239990234375
768.1320190429688
770.8099975585938
772.7940063476562
774.6500244140625
769.7310180664062
780.0869750976562
780.5560302734375
781.4810180664062
778.0880126953125
784.906982421875
790.8289794921875
790.530029296875
792.7139892578125
800.8759765625
834.281005859375
864.5399780273438
921.9840087890625
898.822021484375
896.1829833984375
907.6099853515625
933.197998046875
975.9210205078125
973.4970092773438
961.2379760742188
963.7429809570312
998.3250122070312
1021.75
1043.8399658203125
1154.72998046875
1013.3800048828125
902.2009887695312
908.5850219726562
911.198974609375
902.8280029296875
907.6790161132812
777.7570190429688
804.833984375
823.9840087890625
818.4119873046875
821.7979736328125
831.5339965820312
907.93798828125
886.6179809570312
899.072998046875
895.0260009765625
921.7890014648438
924.6729736328125
921.0120239257812
892.68701171875
901.5419921875
917.5859985351562
919.75
921.5900268554688
919.4959716796875
920.3820190429688
970.4030151367188
989.0230102539062
1011.7999877929688
1029.9100341796875
1042.9000244140625
1027.3399658203125
1038.1500244140625
1061.3499755859375
1063.0699462890625
994.3829956054688
988.6740112304688
1004.4500122070312
999.1810302734375
990.6420288085938
1004.5499877929688
1007.47998046875
1027.43994140625
1046.2099609375
1054.4200439453125
1047.8699951171875
1079.97998046875
1115.300048828125
1117.43994140625
1166.719970703125
1173.6800537109375
1143.8399658203125
1165.199951171875
1179.969970703125
1179.969970703125
1222.5
1251.010009765625
1274.989990234375
1255.1500244140625
1267.1199951171875
1272.8299560546875
1223.5400390625
1150.0
1188.489990234375
1116.719970703125
1175.8299560546875
1221.3800048828125
1231.9200439453125
1240.0
1249.6099853515625
1187.81005859375
1100.22998046875
973.8179931640625
1036.739990234375
1054.22998046875
1120.5400390625
1049.1400146484375
1038.5899658203125
937.52001953125
972.7789916992188
966.7249755859375
1045.77001953125
1047.1500244140625
1039.969970703125
1026.4300537109375
1071.7900390625
1080.5
1102.1700439453125
1143.81005859375
1133.25
1124.780029296875
1182.6800537109375
1176.9000244140625
1175.949951171875
1187.8699951171875
1187.1300048828125
1205.010009765625
1200.3699951171875
1169.280029296875
1167.5400390625
1172.52001953125
1182.93994140625
1193.9100341796875
1211.6700439453125
1210.2900390625
1229.0799560546875
1222.050048828125
1231.7099609375
1207.2099609375
1250.1500244140625
1265.489990234375
1281.0799560546875
1317.72998046875
1316.47998046875
1321.7900390625
1347.8900146484375
1421.5999755859375
1452.8199462890625
1490.0899658203125
1537.6700439453125
1555.449951171875
1578.800048828125
1596.7099609375
1723.3499755859375
1755.3599853515625
1787.1300048828125
1848.5699462890625
1724.239990234375
1804.9100341796875
1808.9100341796875
1738.4300537109375
1734.449951171875
1839.0899658203125
1888.6500244140625
1987.7099609375
2084.72998046875
2041.199951171875
2173.39990234375
2320.419921875
2443.639892578125
2304.97998046875
2202.419921875
2038.8699951171875
2155.800048828125
2255.610107421875
2175.469970703125
2286.409912109375
2407.8798828125
2488.550048828125
2515.35009765625
2511.81005859375
2686.81005859375
2863.199951171875
2732.159912109375
2805.6201171875
2823.81005859375
2947.7099609375
2958.110107421875
2659.6298828125
2717.02001953125
2506.3701171875
2464.580078125
2518.56005859375
2655.8798828125
2548.2900390625
2589.60009765625
2721.7900390625
2689.10009765625
2705.409912109375
2744.909912109375
2608.719970703125
2589.409912109375
2478.449951171875
2552.449951171875
2574.7900390625
2539.320068359375
2480.840087890625
2434.550048828125
2506.469970703125
2564.06005859375
2601.639892578125
2601.989990234375
2608.56005859375
2518.659912109375
2571.340087890625
2518.43994140625
2372.56005859375
2337.7900390625
2398.840087890625
2357.89990234375
2233.340087890625
1998.8599853515625
1929.8199462890625
2228.409912109375
2318.8798828125
2273.429931640625
2817.60009765625
2667.760009765625
2810.1201171875
2730.39990234375
2754.860107421875
2576.47998046875
2529.449951171875
2671.780029296875
2809.010009765625
2726.449951171875
2757.179931640625
2875.340087890625
2718.260009765625
2710.669921875
2804.72998046875
2895.889892578125
3252.909912109375
3213.93994140625
3378.93994140625
3419.93994140625
3342.469970703125
3381.280029296875
3650.6201171875
3884.7099609375
4073.260009765625
4325.1298828125
4181.93017578125
4376.6298828125
4331.68994140625
4160.6201171875
4193.7001953125
4087.659912109375
4001.739990234375
4100.52001953125
4151.52001953125
4334.68017578125
4371.60009765625
4352.39990234375
4382.8798828125
4382.66015625
4579.02001953125
4565.2998046875
4703.39013671875
4892.009765625
4578.77001953125
4582.9599609375
4236.31005859375
4376.52978515625
4597.1201171875
4599.8798828125
4228.75
4226.06005859375
4122.93994140625
4161.27001953125
4130.81005859375
3882.590087890625
3154.949951171875
3637.52001953125
3625.0400390625
3582.8798828125
4065.199951171875
3924.969970703125
3905.949951171875
3631.0400390625
3630.699951171875
3792.39990234375
3682.840087890625
3926.070068359375
3892.35009765625
4200.669921875
4174.72998046875
4163.06982421875
4338.7099609375
4403.740234375
4409.31982421875
4317.47998046875
4229.35986328125
4328.41015625
4370.81005859375
4426.89013671875
4610.47998046875
4772.02001953125
4781.990234375
4826.47998046875
5446.91015625
5647.2099609375
5831.7900390625
5678.18994140625
5725.58984375
5605.509765625
5590.68994140625
5708.52001953125
6011.4501953125
6031.60009765625
6008.419921875
5930.31982421875
5526.64013671875
5750.7998046875
5904.830078125
5780.89990234375
5753.08984375
6153.85009765625
6130.52978515625
6468.39990234375
6767.31005859375
7078.5
7207.759765625
7379.9501953125
7407.41015625
7022.759765625
7144.3798828125
7459.68994140625
7143.580078125
6618.14013671875
6357.60009765625
5950.06982421875
6559.490234375
6635.75
7315.5400390625
7871.68994140625
7708.990234375
7790.14990234375
8036.490234375
8200.6396484375
8071.259765625
8253.5498046875
8038.77001953125
8253.6904296875
8790.919921875
9330.5498046875
9818.349609375
10058.7998046875
9888.6103515625
10233.599609375
10975.599609375
11074.599609375
11323.2001953125
11657.2001953125
11916.7001953125
14291.5
17899.69921875
16569.400390625
15178.2001953125
15455.400390625
16936.80078125
17415.400390625
16408.19921875
16564.0
17706.900390625
19497.400390625
19140.80078125
19114.19921875
17776.69921875
16624.599609375
15802.900390625
13831.7998046875
14699.2001953125
13925.7998046875
14026.599609375
16099.7998046875
15838.5
14606.5
14656.2001953125
12952.2001953125
14156.400390625
13657.2001953125
14982.099609375
15201.0
15599.2001953125
17429.5
17527.0
16477.599609375
15170.099609375
14595.400390625
14973.2998046875
13405.7998046875
13980.599609375
14360.2001953125
13772.0
13819.7998046875
11490.5
11188.599609375
11474.900390625
11607.400390625
12899.2001953125
11600.099609375
10931.400390625
10868.400390625
11359.400390625
11259.400390625
11171.400390625
11440.7001953125
11786.2998046875
11296.400390625
10106.2998046875
10221.099609375
9170.5400390625
8830.75
9174.91015625
8277.009765625
6955.27001953125
7754.0
7621.2998046875
8265.58984375
8736.98046875
8621.900390625
8129.97021484375
8926.5703125
8598.3095703125
9494.6298828125
10166.400390625
10233.900390625
11112.7001953125
10551.7998046875
11225.2998046875
11403.7001953125
10690.400390625
10005.0
10301.099609375
9813.0703125
9664.73046875
10366.7001953125
10725.599609375
10397.900390625
10951.0
11086.400390625
11489.7001953125
11512.599609375
11573.2998046875
10779.900390625
9965.5703125
9395.009765625
9337.5498046875
8866.0
9578.6298828125
9205.1201171875
9194.849609375
8269.8095703125
8300.8603515625
8338.349609375
7916.8798828125
8223.6796875
8630.650390625
8913.4697265625
8929.2802734375
8728.4697265625
8879.6201171875
8668.1201171875
8495.7802734375
8209.400390625
7833.0400390625
7954.47998046875
7165.7001953125
6890.52001953125
6973.52978515625
6844.22998046875
7083.7998046875
7456.10986328125
6853.83984375
6811.47021484375
6636.31982421875
6911.08984375
7023.52001953125
6770.72998046875
6834.759765625
6968.31982421875
7889.25
7895.9599609375
7986.240234375
8329.1103515625
8058.669921875
7902.08984375
8163.419921875
8294.3095703125
8845.830078125
8895.580078125
8802.4599609375
8930.8798828125
9697.5
8845.740234375
9281.509765625
8987.0498046875
9348.48046875
9419.080078125
9240.5498046875
9119.009765625
9235.919921875
9743.8603515625
9700.759765625
9858.150390625
9654.7998046875
9373.009765625
9234.8203125
9325.1796875
9043.9404296875
8441.490234375
8504.8896484375
8723.9404296875
8716.7900390625
8510.3798828125
8368.830078125
8094.31982421875
8250.9697265625
8247.1796875
8513.25
8418.990234375
8041.77978515625
7557.81982421875
7587.33984375
7480.14013671875
7355.8798828125
7368.22021484375
7135.990234375
7472.58984375
7406.52001953125
7494.169921875
7541.4501953125
7643.4501953125
7720.25
7514.47021484375
7633.759765625
7653.97998046875
7678.240234375
7624.919921875
7531.97998046875
6786.02001953125
6906.919921875
6582.35986328125
6349.89990234375
6675.35009765625
6456.580078125
6550.16015625
6499.27001953125
6734.81982421875
6769.93994140625
6776.5498046875
6729.740234375
6083.68994140625
6162.47998046875
6173.22998046875
6249.18017578125
6093.669921875
6157.1298828125
5903.43994140625
6218.2998046875
6404.0
6385.81982421875
6614.18017578125
6529.58984375
6597.5498046875
6639.14013671875
6673.5
6856.93017578125
6773.8798828125
6741.75
6329.9501953125
6394.7099609375
6228.81005859375
6238.0498046875
6276.1201171875
6359.64013671875
6741.75
7321.0400390625
7370.77978515625
7466.85986328125
7354.1298828125
7419.2900390625
7418.490234375
7711.10986328125
8424.26953125
8181.39013671875
7951.580078125
8165.009765625
8192.150390625
8218.4599609375
8180.48
7780.44
7624.91
7567.15
7434.39
7032.85
7068.48
6951.8
6753.12
6305.8
6568.23
6184.71
6295.73
6322.69
6297.57
6199.71
6308.52
6334.73
6580.63
6423.76
6506.07
6308.53
6488.76
6376.71
6534.88
6719.96
6763.19
6707.26
6884.64
7096.28
7047.16
6978.23
7037.58
7193.25
7272.72
7260.06
7361.66
6792.83
6529.17
6467.07
6225.98
6300.86
6329.7
6321.2
6351.8
6517.31
6512.71
6543.2
6517.18
6281.2
6371.3
6398.54
6519.67
6734.95
6721.98
6710.63
6595.41
6446.47
6495.0
6676.75
6644.13
6601.96
6625.56
6589.62
6556.1
6502.59
6576.69
6622.48
6588.31
6602.95
6652.23
6642.64
6585.53
6256.24
6274.58
6285.99
6290.93
6596.54
6596.11
6544.43
6476.71
6465.41
6489.19
6482.35
6487.16
6475.74
6495.84
6476.29
6474.75
6480.38
6486.39
6332.63
6334.27
6317.61
6377.78
6388.44
6361.26
6376.13
6419.66
6461.01
6530.14
6453.72
6385.62
6409.22
6411.27
6371.27
6359.49
5738.35
5648.03
5575.55
5554.33
5623.54
4871.49
4451.87
4602.17
4365.94
4347.11
3880.76
4009.97
3779.13
3820.72
4257.42
4278.84645524
4017.26845712
4214.67193177
4139.8780641
3894.1309069
3956.89386975
3753.99482663
3521.10172384
3419.93720035
3476.11471452
3614.23427278
3502.65599577
3424.58807495
3486.95014412
3313.67725772
3242.48476281
3236.76164502
3252.83902595
3545.86476058
3696.05912776
3745.95076478
4134.44120304
3896.54371704
4014.18251388
3998.98034184
4078.59919478
3815.49060966
3857.29751969
3654.83353854
3923.91859424
3820.40868219
3865.95257679
3742.70033544
3843.51996727
3943.40933686
3836.74131867
3857.71761887
3845.19446017
4076.63268458
4025.24828708
4030.84799935
4035.29636921
3678.92468128
3687.3654818
3661.30098975
3552.95306759
3706.05222041
3630.67522467
3655.00688578
3678.56397636
3657.83943502
3728.56836493
3601.0135915
3576.03243928
3604.57705248
3585.12306636
3600.86550122
3599.7658879
3602.46043861
3583.96576317
3470.45054223
3448.11702209
3486.18175093
3457.79274724
3487.94538683
3521.06078726
3464.01332586
3459.15414635
3466.35743916
3413.7677183
3399.47164359
3666.78035061
3671.20370545
3690.18824383
3648.43062774
3653.52864497
3632.07060268
3616.88097021
3620.81075285
3629.78749138
3673.83629289
3915.71447331
3947.09440657
3999.82050882
3954.1182433
4005.52660406
4142.52692999
3810.42743065
3882.69629339
3854.35793575
3851.04747978
3854.78528208
3859.58375221
3864.41510673
3847.17569934
3761.55701842
3896.37502308
3903.9425832
3911.4842891
3901.13162355
3963.31374243
3951.59982769
3905.22731979
3909.15620907
3906.71716859
3924.369118
3960.91118728
4048.72590374
4025.22897966
4032.50738522
4071.19020004
4087.47629856
4029.32690706
4023.96816173
4035.82635079
4022.1682822
3963.07065416
3985.08080287
4087.06622992
4069.10714977
4098.37454059
4106.66008466
4105.40429618
4158.18307045
4879.87782845
4973.02181522
4922.79878778
5036.68110011
5059.81718799
5198.89699014
5289.77104039
5204.95837847
5324.5518687
5064.48767243
5089.53891201
5096.58656276
5167.72236684
5067.10847228
5235.55941893
5251.93818854
5298.38569881
5303.81261613
5337.8861323
5314.5314532
5399.36541009
5572.36206051
5464.86664182
5210.51555862
5279.34821147
5268.29106346
5285.13900822
5247.35253746
5350.72669668
5402.69709069
5505.28367176
5768.28940693
5831.16747167
5795.70842926
5746.80700343
5829.50151628
5982.45732286
6174.52868876
6378.8489737
7204.77169716
6972.37152291
7814.91513992
7994.41615632
8205.16749484
7884.90929094
7343.89571659
7271.20790408
8197.68969114
7978.30907244
7963.32777911
7680.06654589
7881.84672105
7987.37156583
8052.54385907
8673.21603511
8805.7783766
8719.9617362
8659.48775584
8319.47222898
8574.50164907
8564.01647182
8742.95810038
8208.99482964
7707.77077085
7824.23153913
7822.02338228
8043.95135807
7954.12772355
7688.07711075
8000.32982299
7927.71435114
8145.85747373
8230.92383068
8693.83281543
8838.37523367
8994.48801293
9320.35218253
9081.76285149
9273.52176614
9527.16035008
10144.5567168
10701.691013
10855.3710156
11011.1024485
11790.916533
13016.2317442
11182.8062855
12407.331998
11959.3709764
10817.1555981
10583.1345195
10801.6779238
11961.2693412
11215.4375483
10978.4599518
11208.5508454
11450.8467553
12285.958217
12573.8129407
12156.5126313
11358.661752
11815.9866867
11392.3793357
10256.0582756
10895.0893874
9477.64204235
9693.80272448
10666.4828491
10530.7326264
10767.1395226
10599.1053965
10343.1061684
9900.76801058
9811.92618837
9911.84226491
9870.30353766
9477.67767811
9552.86043541
9519.14591371
9607.42368665
10085.6277491
10399.6694229
10518.1746772
10821.7265103
10970.1842157
11805.6537253
11478.1693461
11941.9683406
11966.407405
11862.93676
11354.0242177
11523.5793784
11382.6159562
10895.8304358
10051.7039313
10311.545429
10374.3393471
10231.7438454
10345.8103795
10916.0538702
10763.2326304
10138.049355
10131.0561021
10407.965329
10159.9605385
10138.517665
10370.8201605
10185.4998997
9754.42327325
9510.20054413
9598.17364826
9630.66384768
9757.97031807
10346.7607927
10623.5401172
10594.4933536
10575.533284
10353.3025592
10517.254784
10441.275979
10334.9741628
10115.9757913
10178.3718893
10410.1268031
10360.5472773
10358.0491621
10347.7129074
10276.7935649
10241.2721545
10198.2484072
10266.4149694
10181.6413094
10019.7169101
10070.3921064
9729.32376435
8620.56642733
8486.99297206
8118.96756783
8251.84555744
8245.91515478
8104.18567564
8293.86774062
8343.2766814
8393.04164486
8259.99197863
8205.93924121
8151.50052921
7988.15595888
8245.622933
8228.7831528
8595.73981722
8586.47342543
8321.75671178
8336.55527417
8321.00574668
8374.6864467
8205.36931588
8047.52686305
8103.91137325
7973.20744597
7988.56044241
8222.07826034
8243.72113905
8078.20332194
7514.67201276
7493.48873154
8660.70063696
9244.97220867
9551.7149631
9256.14838876
9427.68758384
9205.72655905
9199.58483269
9261.104352
9324.71776331
9235.35487947
9412.61187106
9342.52717939
9360.87991187
9267.56114253
8804.88071936
8813.58248677
9055.52605732
8757.78854226
8815.66253925
8808.2625823
8708.09509517
8491.99201234
8550.76055694
8577.9757816
8309.28598342
8206.14591807
8027.26824331
7642.74994484
7296.57756843
7397.7968154
7047.91688176
7146.13390214
7218.37133433
7531.6636446
7463.1061283
7761.24360172
7569.63012202
7424.29226516
7321.98811242
7320.1454684
7252.03458617
7448.30752084
7546.99669772
7556.23803387
7564.3454032
7400.89935576
7278.1197833
7217.4271152
7243.13436273
7269.68455922
7124.67396997
7152.30184412
6932.48038982
6640.51524608
7276.80277047
7202.84436364
7218.81638679
7191.15846913
7511.58904232
7355.62826671
7322.5324589
7275.15572845
7238.96702501
7290.08851803
7317.99003408
7422.65258898
7292.99507783
7193.59897843
7200.17439274
6985.47000061
7344.88418341
7410.65656642
7411.31732676
7769.21903905
8163.69223944
8079.86277673
7879.07152428
8166.55414039
8037.53738872
8192.49400532
8144.19451744
8827.76442606
8807.01027532
8723.78576573
8929.0376776
8942.80890321
8706.24512993
8657.64293942
8745.89478833
8680.87604222
8406.5160678
8445.43428152
8367.84777344
8596.82983316
8909.81917753
9358.59031703
9316.62950445
9508.9935947
9350.52936518
9392.87536841
9344.36529292
9293.52108908
9180.9629665
9613.42428895
9729.80223149
9795.94377253
9865.11946905
10116.673759
9856.61149362
10208.2362609
10326.0545246
10214.3794638
10312.1160909
9889.42462838
9934.43339025
9690.14261814
10141.9963705
9633.38688518
9608.47590343
9686.44119763
9663.18182933
9924.51522822
9650.17480677
9341.70516876
8820.52220005
8784.49384867
8672.45534996
8599.50861972
8562.45405008
8869.67031078
8787.78645576
8755.24589461
9078.76279174
9122.54557333
8909.9536515
8108.11629101
7923.6447033
7909.72939346
7911.43012933
4970.78790105
5563.70689169
5200.36626392
5392.31488002
5014.47997748
5225.62919259
5238.43857664
6191.19295222
6198.77820508
6185.06651501
5830.25479765
6416.31475839
6734.80378045
6681.06312656
6716.44054866
6469.79813509
6242.1938684
5922.0431227
6429.84193389
6438.64476637
6606.77626829
6793.62459642
6733.3873906
6867.52731596
6791.12944093
7271.7811527
7176.41450049
7334.09845346
7302.0895105
6865.49337195
6859.08296343
6971.09159108
6845.03769683
6842.42786097
6642.10989286
7116.80421777
7096.18465879
7257.66485847
7189.42482356
6881.95869275
6880.32347375
7117.20747869
7429.72464927
7550.90102725
7569.93603405
7679.86720422
7795.60083451
7807.05845106
8801.03776688
8658.55417975
8864.76680793
8988.5962069
8897.46850985
8912.65460539
9003.07017834
9268.76208066
9951.5187451
9842.66636785
9593.89673363
8756.43114193
8601.79620238
8804.47781074
9269.98770576
9733.72147137
9328.19722645
9377.0140257
9670.73937122
9726.5748149
9729.0379192
9522.98115678
9081.76202252
9182.57751787
9209.28742769
8790.36800074
8906.93476142
8835.05306073
9181.01794762
9525.7510947
9439.12439045
9700.41407169
9461.05891806
10167.2681012
9529.80414872
9656.71776526
9800.63659532
9665.53278908
9653.67926335
9758.8524174
9771.48948366
9795.70019463
9870.09445278
9321.78129819
9480.84378943
9475.27733834
9386.78789214
9450.70198692
9538.0243743
9480.25536624
9411.84046197
9288.01871603
9332.340762
9303.62971409
9648.71760979
9629.65836578
9313.61034868
9264.81304308
9162.91760386
9045.39095672
9143.58219104
9190.85446467
9137.99340026
9228.32559024
9123.41015432
9087.30391103
9132.48795051
9073.94286936
9375.47475925
9252.27750386
9428.3330848
9277.96790642
9278.8078672
9240.34632654
9276.49985018
9243.61385509
9243.21341642
9192.83736784
9132.22786293
9151.39223963
9159.03990531
9185.81691242
9164.2313647
9374.88752808
9525.36344997
9581.07201141
9536.89268563
9677.11349729
9905.16724705
10990.8733998
10912.8230505
11100.4681253
11111.2142899
11323.4664207
11759.5927707
11053.613901
11246.3487749
11205.8929179
11747.0228312
11779.7732574
11601.4727146
11754.0458135
11675.7393433
11878.1113253
11410.5256775
11584.9345762
11784.1373895
11768.8706193
11865.69857
11892.8040631
12254.4019083
11991.2332456
11758.2835921
11878.3716211
11592.4890449
11681.8255623
11664.8479948
11774.5958414
11366.1350817
11488.3634896
11323.3970324
11542.4997333
11506.8653177
11711.506161
11680.8204905
11970.4787405
11414.0337325
10245.296686
10511.8138807
10169.567221
10280.3517032
10369.5637386
10131.5166457
10242.3477803
10363.1390401
10400.9146854
10442.1706031
10323.7557975
10680.8374328
10796.9509861
10974.9048915
10948.9899152
10944.5858045
11094.3462761
10938.2712894
10462.2596185
10538.4603213
10246.18649281
10760.06625677
10692.71721234
10750.72357903
10775.26937624
10709.65218175
10844.64098118
10784.49157795
10619.45190766
10575.97504191
10549.32889962
10669.58254327
10793.33942751
10604.40588882
10668.96895539
10915.68573098
11064.45759247
11296.3614282
11384.1819535
11555.3628878
11425.8994007
11429.50688675
11495.34965037
11322.12268618
11358.10156733
11483.35971184
11742.03715033
11916.33514058
12823.68918938
12965.89129043
12931.53902256
13108.06261161
13031.17431056
13075.24769656
13654.21844012
13271.28536861
13437.8832414
13546.52226938
13780.99470249
13737.10982864
13550.4893841
13950.30084729
14133.70715301
15579.84846029
15565.88058083
14833.7541075
15479.56703842
15332.31559743
15290.90268148
15701.33973237
16276.34394919
16317.80819009
16068.13870685
15955.58743887
16716.11132377
17645.40576746
17804.00563217
17817.09024754
18621.31436938
18642.23276593
18370.00252365
18364.12159134
19107.46444977
18732.1207774
17150.62357809
17108.40172774
17717.4150112
18177.48341979
19625.83502949
18802.99829969
19201.09115697
19445.39847988
18699.76561337
19154.231131
19345.12095871
19191.63128698
18321.14491611
18553.91537685
18264.99210672
18058.90334725
18803.65687045
19142.3825335
19246.64434137
19417.07603342
21310.59813054
22805.16149213
23137.96056165
23869.83196434
23477.29519711
22803.0814087
23783.02850288
23241.34486501
23735.94972763
24664.79027412
26437.0375091
26272.29456706
27084.80788628
27362.4365573
28840.95341968
29001.71982218
29374.15188907
32127.26793922
32782.02446581
31971.91352155
33992.42934365
36824.36441009
39371.04235311
40797.61071993
40254.54649816
38356.43950662
35566.65594049
33922.9605815
37316.35939997
39187.32812109
36825.36585131
36178.13890106
35791.27792129
36630.07568284
36069.80639361
35547.7508855
30825.69850603
33005.76356216
32067.64288212
32289.37808687
32366.39304887
32569.84955679
30432.54707881
33466.09635821
34316.38765032
34269.52154165
33114.35774753
33537.1768196
35510.28903716
37472.09010368
36926.06446515
38144.30686267
39266.01073494
38903.44147971
46196.46371944
46481.10423596
44918.18449192
47909.33119483
47504.85118326
47105.51747252
48717.2902111
47945.05683234
49199.87134362
52149.00753587
51679.79669449
55888.13368221
56099.52051348
57539.9436679
54207.31906543
48824.42686909
49705.33331637
47093.85301914
46339.76008289
46188.45127539
45137.77046805
49631.24137077
48378.98805435
50538.24341445
48561.1661539
48927.3045548
48912.38173056
51206.69295308
52246.52230995
54824.11781138
56008.54940114
57805.12301924
57332.08896391
61243.08476552
59302.31697742
55907.20022619
56804.90123161
58870.89333325
57858.92070527
58346.65297359
58313.64260857
57523.42098673
54529.14561107
54738.94493032
52774.26369049
51704.1619252
55137.31372578
55973.51084173
55950.7457745
57750.19987147
58917.6930451
58918.83271375
59095.80797806
59384.3133586
57603.88917376
58758.55629127
59057.87896588
58192.35868406
56048.93781271
58323.95357975
58245.00300108
59793.23541009
60204.96491379
59893.45188869
63503.45793019
63109.69593464
63314.01084504
61572.78960116
60683.82123331
56216.18500243
55724.26709807
56473.0322808
53906.08804584
51762.27205146
51093.65070999
50050.86821565
49004.25326318
54021.75478737
55033.11801332
54824.70489507
53555.10849133
57750.17734563
57828.05063222
56631.07741255
57200.29122289
53333.53775274
57424.00594813
56396.51416376
57356.40187692
58803.77580865
58232.3161419
55859.79754454
56704.5730585
49150.53387514
49716.19160254
49880.53342038
46760.18656071
46456.05847448
43537.51138918
42909.40092517
37002.4404659
40782.73826245
37304.69067136
37536.63111241
34770.58362292
38705.97863723
38402.22385137
39294.19738214
38436.96853505
35697.60639024
34616.06800347
35678.12920411
37332.85368874
36684.92451667
37575.17957566
39208.76599489
36894.40532994
35551.95872588
35862.37772747
33560.70783776
33472.63174808
37345.12148619
36702.59937466
37334.39952553
35552.51714847
39097.86089667
40218.47785943
40406.26898673
38347.06322666
38053.50417253
35787.24478177
35615.86927002
35698.29644336
31676.69373254
32505.6598245
33723.0289781
34662.43589358
31637.78005541
32186.27767093
34649.64458753
34434.33531428
35867.77773549
35040.83724889
33572.11765253
33897.04858963
34668.54840182
35287.77976616
33746.00245614
34235.19345116
